# Cercle de diametre 20 defini par 80 points
# Liste des points
10.00 0.00
9.97 0.78
9.88 1.56
9.72 2.33
9.51 3.09
9.24 3.83
8.91 4.54
8.53 5.22
8.09 5.88
7.60 6.49
7.07 7.07
6.49 7.60
5.88 8.09
5.22 8.53
4.54 8.91
3.83 9.24
3.09 9.51
2.33 9.72
1.56 9.88
0.78 9.97
0.00 10.00
-0.78 9.97
-1.56 9.88
-2.33 9.72
-3.09 9.51
-3.83 9.24
-4.54 8.91
-5.22 8.53
-5.88 8.09
-6.49 7.60
-7.07 7.07
-7.60 6.49
-8.09 5.88
-8.53 5.22
-8.91 4.54
-9.24 3.83
-9.51 3.09
-9.72 2.33
-9.88 1.56
-9.97 0.78
-10.00 0.00
-9.97 -0.78
-9.88 -1.56
-9.72 -2.33
-9.51 -3.09
-9.24 -3.83
-8.91 -4.54
-8.53 -5.22
-8.09 -5.88
-7.60 -6.49
-7.07 -7.07
-6.49 -7.60
-5.88 -8.09
-5.22 -8.53
-4.54 -8.91
-3.83 -9.24
-3.09 -9.51
-2.33 -9.72
-1.56 -9.88
-0.78 -9.97
-0.00 -10.00
0.78 -9.97
1.56 -9.88
2.33 -9.72
3.09 -9.51
3.83 -9.24
4.54 -8.91
5.22 -8.53
5.88 -8.09
6.49 -7.60
7.07 -7.07
7.60 -6.49
8.09 -5.88
8.53 -5.22
8.91 -4.54
9.24 -3.83
9.51 -3.09
9.72 -2.33
9.88 -1.56
9.97 -0.78

