# Carre de cote 20 defini par 80 points
# Liste des points
# Cote du bas
-10.0 -10.0
-9.0 -10.0
-8.0 -10.0
-7.0 -10.0
-6.0 -10.0
-5.0 -10.0
-4.0 -10.0
-3.0 -10.0
-2.0 -10.0
-1.0 -10.0
0.0 -10.0
1.0 -10.0
2.0 -10.0
3.0 -10.0
4.0 -10.0
5.0 -10.0
6.0 -10.0
7.0 -10.0
8.0 -10.0
9.0 -10.0
# Cote droit
10.0 -10.0
10.0 -9.0
10.0 -8.0
10.0 -7.0
10.0 -6.0
10.0 -5.0
10.0 -4.0
10.0 -3.0
10.0 -2.0
10.0 -1.0
10.0 0.0
10.0 1.0
10.0 2.0
10.0 3.0
10.0 4.0
10.0 5.0
10.0 6.0
10.0 7.0
10.0 8.0
10.0 9.0
# Cote haut
10.0 10.0
9.0 10.0
8.0 10.0
7.0 10.0
6.0 10.0
5.0 10.0
4.0 10.0
3.0 10.0
2.0 10.0
1.0 10.0
0.0 10.0
-1.0 10.0
-2.0 10.0
-3.0 10.0
-4.0 10.0
-5.0 10.0
-6.0 10.0
-7.0 10.0
-8.0 10.0
-9.0 10.0
# Cote gauche
-10.0 10.0
-10.0 9.0
-10.0 8.0
-10.0 7.0
-10.0 6.0
-10.0 5.0
-10.0 4.0
-10.0 3.0
-10.0 2.0
-10.0 1.0
-10.0 0.0
-10.0 -1.0
-10.0 -2.0
-10.0 -3.0
-10.0 -4.0
-10.0 -5.0
-10.0 -6.0
-10.0 -7.0
-10.0 -8.0
-10.0 -9.0

