2 18101.0 70025.0 1020.0 551.41
10 3519.0 4431.0 2277.31 3257.77
20 5476.0 6788.0 3826.28 6582.03
30 5509.0 9980.0 5397.53 10489.08
40 7140.0 13220.0 7024.85 13331.19
50 8561.0 16517.0 8503.6 16678.41
100 16385.0 33251.0 16530.22 33192.89
150 24456.0 49800.0 24260.94 50122.48
200 31924.0 66385.0 31704.32 66702.24
300 48095.0 99491.0 48054.27 100553.43
400 63070.0 132657.0 62561.39 134210.09
500 79366.0 167038.0 78763.77 168584.41
1000 156760.0 334461.0 158689.06 335597.38
1500 232415.0 498206.0 234754.27 503949.41
2000 313706.0 696153.0 314959.51 669470.41
5000 775768.0 1731076.0 790523.95 1674731.23
10000 1568342.0 3325268.0 1564832.09 3351126.56
25000 3919051.0 8363423.0 3902478.21 8399612.0
50000 7784167.0 1.6752207E7 7849684.99 1.677781216E7
75000 1.1821905E7 2.5207921E7 1.182592138E7 2.538776779E7
100000 1.6224044E7 3.4326362E7 1.577607496E7 3.476579349E7
250000 4.0404503E7 9.4222619E7 3.993725208E7 9.309105438E7
500000 8.3021389E7 1.97011923E8 8.043957308E7 1.9922067127E8
