2 871.24 3414.95
10 1184.66 4096.6
20 1580.03 7054.0
30 1832.47 9845.92
40 2115.07 12554.76
50 2447.0 15644.22
100 2857.32 30350.38
150 2529.14 44828.44
200 3278.08 60094.29
300 4636.79 89842.22
400 5966.44 119588.22
500 7397.81 149283.26
1000 14207.87 290929.98
1500 21246.36 432540.82
2000 27909.35 562033.35
5000 70024.47 1397048.29
10000 138594.27 2860055.0
25000 343988.72 7093411.91
50000 696967.18 1.417075061E7
75000 1038359.87 2.123851381E7
100000 1393582.2 2.924107197E7
250000 3597284.67 7.567585269E7
500000 7329771.96 1.5822525358E8
