2 297176.0 1259782.0
10 1727.0 13205.0
20 2423.0 12733.0
30 4554.0 18764.0
40 6154.0 41061.0
50 18668.0 39863.0
100 17433.0 84150.0
150 24349.0 133508.0
200 29619.0 176959.0
300 51803.0 290945.0
400 66362.0 369500.0
500 82636.0 643618.0
1000 167617.0 984102.0
1500 270846.0 1454023.0
2000 364816.0 1957538.0
5000 993822.0 5558796.0
10000 2195260.0 1.1938043E7
25000 5750530.0 3.2021669E7
50000 1.2240456E7 6.7645408E7
75000 1.9587142E7 1.10196669E8
100000 2.601987E7 1.42774108E8
250000 7.0257332E7 3.83652211E8
500000 1.48285615E8 8.2664683E8
