2 386044.0 2166.0
10 4062.0 842.0
20 7205.0 838.0
30 11274.0 940.0
40 16105.0 1130.0
50 24606.0 1203.0
100 44346.0 1946.0
150 71950.0 2681.0
200 94562.0 3229.0
300 163410.0 4669.0
400 216992.0 6002.0
500 289683.0 7452.0
1000 566378.0 14226.0
1500 918495.0 21088.0
2000 1206165.0 28095.0
5000 3236399.0 69063.0
10000 3563638.0 139136.0
25000 9447789.0 344472.0
50000 2.0021794E7 714348.0
75000 3.1192518E7 1078438.0
100000 4.4049747E7 1389541.0
250000 1.14062861E8 3454344.0
500000 2.42308224E8 6894025.0
