2 688373.0 30460.0
10 28185.0 4218.0
20 36396.0 6700.0
30 52520.0 9325.0
40 120742.0 11997.0
50 106883.0 14675.0
100 225626.0 28249.0
150 376623.0 41947.0
200 501253.0 55420.0
300 820600.0 82539.0
400 1085540.0 109566.0
500 1348132.0 136204.0
1000 2985223.0 281650.0
1500 4263030.0 406979.0
2000 3105832.0 543728.0
5000 8796941.0 1358395.0
10000 1.8728989E7 2733017.0
25000 4.9786451E7 6909007.0
50000 1.04815465E8 1.4456254E7
75000 1.66238205E8 2.0882812E7
100000 2.22592007E8 2.817996E7
250000 6.09286146E8 8.1352617E7
500000 1.30815177E9 1.65401166E8
