2 1.3862943611198906 4.0 1.3862943611198906 7.38905609893065 4.0
10 4.605170185988092 100.0 23.02585092994046 22026.465794806718 1024.0
20 5.991464547107982 400.0 59.914645471079815 4.851651954097903E8 1048576.0
30 6.802394763324311 900.0 102.03592144986466 1.0686474581524463E13 1.073741824E9
40 7.3777589082278725 1600.0 147.55517816455745 2.35385266837019968E17 1.099511627776E12
50 7.824046010856292 2500.0 195.6011502714073 5.184705528587072E21 1.125899906842624E15
100 9.210340371976184 10000.0 460.51701859880916 2.6881171418161356E43 1.2676506002282294E30
150 10.021270588192511 22500.0 751.5952941144383 1.3937095806663797E65 1.4272476927059599E45
200 10.596634733096073 40000.0 1059.6634733096073 7.225973768125749E86 1.6069380442589903E60
300 11.407564949312402 90000.0 1711.1347423968602 1.9424263952412558E130 2.037035976334486E90
400 11.982929094215963 160000.0 2396.5858188431926 5.221469689764144E173 2.5822498780869086E120
500 12.429216196844383 250000.0 3107.304049211096 1.4035922178528373E217 3.273390607896142E150
1000 13.815510557964274 1000000.0 6907.755278982137 Infinity 1.0715086071862673E301
1500 14.626440774180603 2250000.0 10969.830580635453 Infinity Infinity
2000 15.201804919084164 4000000.0 15201.804919084165 Infinity Infinity
5000 17.034386382832476 2.5E7 42585.96595708119 Infinity Infinity
10000 18.420680743952367 1.0E8 92103.40371976183 Infinity Infinity
25000 20.253262207700676 6.25E8 253165.77759625844 Infinity Infinity
50000 21.639556568820566 2.5E9 540988.9142205141 Infinity Infinity
75000 22.450486785036894 5.625E9 841893.2544388835 Infinity Infinity
100000 23.025850929940457 1.0E10 1151292.546497023 Infinity Infinity
250000 24.858432393688766 6.25E10 3107304.0492110956 Infinity Infinity
500000 26.244726754808656 2.5E11 6561181.688702164 Infinity Infinity
