2 1.0 5.0 10.0 20.0
10 1.0 5.0 10.0 20.0
20 1.0 5.000000000000001 10.000000000000002 20.000000000000004
30 1.0 5.0 10.0 20.0
40 1.0 5.0 10.0 20.0
50 1.0 5.000000000000001 10.000000000000002 20.000000000000004
100 1.0 5.0 10.0 20.0
150 1.0 5.0 10.0 20.0
200 1.0 5.0 10.0 20.0
300 1.0 5.0 10.0 20.0
400 1.0 5.000000000000001 10.000000000000002 20.000000000000004
500 1.0 5.0 10.0 20.0
1000 1.0 5.0 10.0 20.0
1500 1.0 5.0 10.0 20.0
2000 1.0 5.0 10.0 20.0
5000 1.0 4.999999999999999 9.999999999999998 19.999999999999996
10000 1.0 5.0 10.0 20.0
25000 1.0 5.0 10.0 20.0
50000 1.0 5.0 10.0 20.0
75000 1.0 5.0 10.0 20.0
100000 1.0 5.0 10.0 20.0
250000 1.0 5.0 10.0 20.0
500000 1.0 5.0 10.0 20.0
