2 2.8853900817779268 5.7707801635558535 11.541560327111707 23.083120654223414
10 4.3429448190325175 43.42944819032518 434.2944819032518 4342.944819032517
20 6.676164013906681 133.52328027813363 2670.4656055626724 53409.31211125345
30 8.820423113856181 264.61269341568544 7938.380802470563 238151.4240741169
40 10.843401227272672 433.7360490909069 17349.441963636276 693977.678545451
50 12.781110931766573 639.0555465883286 31952.777329416433 1597638.8664708217
100 21.71472409516259 2171.4724095162587 217147.2409516259 2.171472409516259E7
150 29.936323678703257 4490.448551805489 673567.2827708233 1.010350924156235E8
200 37.74783316355097 7549.5666327101935 1509913.3265420387 3.019826653084077E8
300 52.59667621144383 15779.002863433148 4733700.859029944 1.4201102577089832E9
400 66.76164013906681 26704.656055626725 1.068186242225069E7 4.272744968900276E9
500 80.45559624700124 40227.79812350062 2.011389906175031E7 1.0056949530875156E10
1000 144.76482730108395 144764.82730108395 1.4476482730108395E8 1.4476482730108395E11
1500 205.1079990215914 307661.99853238714 4.614929977985807E8 6.922394966978711E11
2000 263.12664984790376 526253.2996958075 1.052506599391615E9 2.1050131987832302E12
5000 587.047855746548 2935239.27873274 1.4676196393663698E10 7.338098196831848E13
10000 1085.7362047581294 1.0857362047581295E7 1.0857362047581294E11 1.0857362047581295E15
25000 2468.7380969663764 6.1718452424159415E7 1.5429613106039854E12 3.8574032765099632E16
50000 4621.166782321471 2.3105833911607358E8 1.155291695580368E13 5.7764584779018394E17
75000 6681.369603975538 5.011027202981653E8 3.75827040223624E13 2.8187028016771799E18
100000 8685.889638065037 8.685889638065037E8 8.685889638065036E13 8.6858896380650363E18
250000 20113.89906175031 5.028474765437578E9 1.2571186913593945E15 3.142796728398486E20
500000 38102.89241501729 1.9051446207508644E10 9.525723103754322E15 4.76286155187716E21
