2 0.34657359027997264 0.17328679513998632 0.08664339756999316 0.04332169878499658
10 0.23025850929940458 0.02302585092994046 0.002302585092994046 2.302585092994046E-4
20 0.14978661367769955 0.007489330683884977 3.7446653419424884E-4 1.8723326709712442E-5
30 0.11337324605540518 0.0037791082018468394 1.2597027339489466E-4 4.199009113163155E-6
40 0.09222198635284841 0.0023055496588212103 5.763874147053025E-5 1.4409685367632564E-6
50 0.07824046010856292 0.0015648092021712584 3.129618404342517E-5 6.259236808685034E-7
100 0.04605170185988092 4.605170185988092E-4 4.605170185988092E-6 4.605170185988092E-8
150 0.033404235293975036 2.2269490195983357E-4 1.4846326797322238E-6 9.897551198214826E-9
200 0.02649158683274018 1.324579341637009E-4 6.622896708185046E-7 3.311448354092523E-9
300 0.019012608248854004 6.337536082951334E-5 2.1125120276504448E-7 7.041706758834816E-10
400 0.014978661367769954 3.7446653419424884E-5 9.361663354856222E-8 2.3404158387140556E-10
500 0.012429216196844383 2.4858432393688767E-5 4.971686478737753E-8 9.943372957475506E-11
1000 0.006907755278982137 6.907755278982137E-6 6.907755278982137E-9 6.9077552789821365E-12
1500 0.0048754802580602006 3.250320172040134E-6 2.1668801146934225E-9 1.4445867431289485E-12
2000 0.003800451229771041 1.9002256148855206E-6 9.501128074427602E-10 4.750564037213801E-13
5000 0.0017034386382832477 3.406877276566495E-7 6.813754553132991E-11 1.362750910626598E-14
10000 9.210340371976184E-4 9.210340371976183E-8 9.210340371976183E-12 9.210340371976183E-16
25000 4.050652441540135E-4 1.6202609766160542E-8 6.481043906464216E-13 2.5924175625856864E-17
50000 2.1639556568820567E-4 4.327911313764113E-9 8.655822627528227E-14 1.7311645255056454E-18
75000 1.4966991190024597E-4 1.995598825336613E-9 2.6607984337821504E-14 3.5477312450428673E-19
100000 1.1512925464970229E-4 1.151292546497023E-9 1.1512925464970229E-14 1.1512925464970229E-19
250000 4.9716864787377535E-5 1.9886745914951012E-10 7.954698365980405E-16 3.181879346392162E-21
500000 2.6244726754808658E-5 5.2489453509617315E-11 1.0497890701923463E-16 2.0995781403846926E-22
