2 2.25 9.0 20.25 36.0
10 57.6650390625 59049.0 3405062.8916015625 6.0466176E7
20 3325.256730079651 3.486784401E9 1.1594453295761994E13 3.656158440062976E15
30 191751.0592328841 2.05891132094649E14 3.94798426658066E19 2.2107391972073336E23
40 1.1057332320940012E7 1.2157665459056929E19 1.3443134722760617E26 1.3367494538843734E31
50 6.376215002140496E8 7.178979876918526E23 4.5774719191272635E32 8.08281277464764E38
100 4.0656117753521523E17 5.153775207320113E47 2.0953249170398634E65 6.533186235000709E77
150 2.592321479487945E26 3.69988485035127E71 9.591290969197638E97 5.2806521159415856E116
200 1.6529199107882081E35 2.6561398887587478E95 4.39038650796811E130 4.268252238120274E155
300 6.720130653014568E52 1.3689147905858839E143 9.199286245581215E195 Infinity
400 2.7321442314800976E70 Infinity Infinity Infinity
500 1.1107837759465943E88 Infinity Infinity Infinity
1000 Infinity Infinity Infinity Infinity
1500 NaN NaN NaN NaN
2000 NaN NaN NaN NaN
5000 NaN NaN NaN NaN
10000 NaN NaN NaN NaN
25000 NaN NaN NaN NaN
50000 NaN NaN NaN NaN
75000 NaN NaN NaN NaN
100000 NaN NaN NaN NaN
250000 NaN NaN NaN NaN
500000 NaN NaN NaN NaN
