2 0.4444444444444444 0.25 0.16 0.1111111111111111
10 0.017341529915832612 9.765625E-4 1.048576E-4 1.6935087808430286E-5
20 3.007286598217175E-4 9.5367431640625E-7 1.099511627776E-8 2.8679719907924413E-10
30 5.2150950508465636E-6 9.313225746154785E-10 1.1529215046068469E-12 4.8569357496188614E-15
40 9.043772683816628E-8 9.094947017729282E-13 1.208925819614629E-16 8.225263339969959E-20
50 1.5683285454839587E-9 8.881784197001252E-16 1.2676506002282293E-20 1.3929555690985384E-24
100 2.4596544265798292E-18 7.888609052210118E-31 1.6069380442589903E-40 1.9403252174826328E-48
150 3.857546249231124E-27 7.006492321624085E-46 2.037035976334486E-60 2.702786817554766E-72
200 6.049899898193749E-36 6.223015277861142E-61 2.5822498780869085E-80 3.764861949599026E-96
300 1.4880663064957112E-53 4.9090934652977266E-91 4.149515568880993E-120 7.30505658114782E-144
400 3.660128877816473E-71 3.8725919148493183E-121 6.668014432879855E-160 0.0
500 9.00265219617395E-89 3.0549363634996047E-151 0.0 0.0
1000 0.0 0.0 0.0 0.0
1500 NaN NaN NaN NaN
2000 NaN NaN NaN NaN
5000 NaN NaN NaN NaN
10000 NaN NaN NaN NaN
25000 NaN NaN NaN NaN
50000 NaN NaN NaN NaN
75000 NaN NaN NaN NaN
100000 NaN NaN NaN NaN
250000 NaN NaN NaN NaN
500000 NaN NaN NaN NaN
