2 1216.0 17567.0 178.87 294.24
10 323.0 1030.0 236.54 422.45
20 434.0 972.0 283.89 591.21
30 462.0 1234.0 328.19 785.52
40 556.0 565.0 358.32 974.93
50 459.0 1111.0 416.33 1127.61
100 618.0 580.0 635.93 1880.54
150 1552.0 3349.0 883.41 3052.42
200 345.0 5758.0 1102.26 4000.99
300 735.0 6568.0 1597.99 5613.45
400 1403.0 4435.0 1926.28 7983.89
500 2395.0 7182.0 2334.15 9301.03
1000 2448.0 30625.0 4315.03 16857.31
1500 253.0 45518.0 7525.08 28261.49
2000 5653.0 38239.0 8954.03 33593.49
5000 21477.0 22637.0 24712.75 93510.41
10000 23621.0 138988.0 49726.99 169116.5
25000 74528.0 842725.0 104840.3 393146.26
50000 306596.0 1147420.0 240644.75 1004437.08
75000 82683.0 199975.0 323493.25 1527233.85
100000 303962.0 2217978.0 474574.89 1957378.02
250000 624270.0 1.0764466E7 1178249.55 5249890.94
500000 1708895.0 2.4737801E7 2266687.73 1.687680173E7
