166.328003 112.206696
195.357788 110.887619
224.592209 109.808716
254.677734 108.709480
285.325958 107.587830
316.471954 106.403046
347.882263 105.310944
380.249969 104.107803
412.840637 102.790939
446.409271 101.579704
480.414246 100.422211
166.304611 154.496582
195.298187 153.783157
224.757812 153.211212
254.702744 152.435501
285.406952 151.575378
316.441284 150.770340
347.859131 149.980804
380.177185 149.271698
412.856659 148.469925
446.382568 147.515366
480.374756 146.622467
166.383072 197.138596
195.294968 196.693512
224.621811 196.356735
254.733017 195.870911
285.310638 195.523956
316.422119 195.296265
347.772400 194.723297
380.229095 194.390762
412.854431 193.819153
446.393890 193.516129
480.399567 193.166489
166.319275 239.557220
195.316925 239.490952
224.666443 239.520767
254.674011 239.558716
285.301575 239.526505
316.349976 239.539474
347.814148 239.545303
380.206940 239.488419
412.956543 239.460434
446.371002 239.521957
480.353180 239.567780
166.376144 282.181976
195.339493 282.461792
224.636322 282.649719
254.627243 283.207611
285.285645 283.579987
316.370911 283.773376
347.777893 284.402954
380.232819 284.584137
412.796295 285.263367
446.398590 285.485046
480.396271 285.859680
166.369568 324.525848
195.282684 325.393646
224.685425 325.921356
254.678406 326.626404
285.316803 327.546051
316.374084 328.332733
347.845764 329.148956
380.204803 329.744171
412.813171 330.650360
446.416534 331.543335
480.419403 332.400238
166.326691 367.004486
195.255722 368.196625
224.631042 369.273010
254.685608 370.355377
285.316742 371.441467
316.334717 372.544739
347.841492 373.715729
380.198242 374.993195
412.865051 376.354767
446.319092 377.535858
480.378845 378.734283

