88.351463 155.167404
126.799377 155.158829
165.387054 155.161484
203.832657 155.195435
242.404572 155.193222
280.768646 155.119324
319.452301 155.238953
357.951202 155.223892
396.493103 155.204605
434.965546 155.258118
473.537659 155.201630
86.515579 181.824997
125.385765 181.793976
164.208755 181.769302
203.026123 181.854202
241.699341 181.763138
280.544281 181.806915
319.461334 181.826019
358.373566 181.809647
397.194672 181.770172
435.860077 181.774628
474.665039 181.771805
84.626930 209.168823
123.801155 209.204041
162.841522 209.180801
202.131836 209.176895
241.261719 209.188049
280.419250 209.203033
319.471344 209.219528
358.540924 209.073608
397.613007 209.166855
436.756378 209.126556
476.020203 209.142624
82.815063 236.704666
122.366623 236.682205
161.656509 236.666412
201.272339 236.654816
240.551193 236.668015
280.183350 236.686920
319.507080 236.688538
358.835022 236.708023
398.359894 236.688385
437.651642 236.687073
477.279327 236.591141
81.057266 264.747559
120.687073 264.745575
160.540283 264.758392
200.273621 264.736267
239.993088 264.777039
279.641418 264.779175
319.465210 264.754486
359.226776 264.760132
398.864075 264.729767
438.608002 264.755768
478.489716 264.757996
79.145943 293.370544
119.168251 293.426788
159.296402 293.425018
199.285553 293.384583
239.431870 293.354645
279.436584 293.492859
319.506012 293.429413
359.520233 293.474274
399.552582 293.297180
439.613495 293.461151
479.600372 293.420441
77.279839 322.380951
117.463600 322.371613
157.933472 322.406952
198.357086 322.445953
238.590973 322.338745
279.186340 322.430725
319.451599 322.430450
359.767578 322.427734
400.297729 322.389160
440.619720 322.429108
481.013580 322.409271

