104.656044 157.388565
143.448456 150.408630
182.383698 143.498215
221.238846 136.664215
260.013306 129.775452
298.871979 122.957664
337.783691 116.272026
376.588593 109.354736
415.476105 102.520737
454.341797 95.528824
493.093353 88.738503
111.578514 196.206024
150.459473 189.332077
189.274261 182.432739
228.003952 175.593384
266.927887 168.694260
305.710510 161.900131
344.592651 154.964066
383.417023 148.180328
422.316620 141.375015
461.143707 134.467300
500.079681 127.614716
118.401772 234.965286
157.368393 228.122375
196.156021 221.201843
234.949234 214.375076
273.732300 207.563416
312.609436 200.725067
351.489990 193.785080
390.374664 187.005554
429.268677 180.178528
467.959320 173.350311
506.798920 166.437378
125.296288 273.779877
164.101303 266.933197
202.995590 260.029785
241.786499 253.303192
280.644684 246.418076
319.495239 239.502518
358.321442 232.665649
397.132294 225.846176
435.966980 218.946091
474.816254 212.196823
513.677307 205.334549
132.068146 312.671051
170.807739 305.796173
209.698792 298.921906
248.634430 292.151062
287.503052 285.225616
326.322968 278.384705
365.221527 271.612579
404.034698 264.615936
442.798096 257.721008
481.689392 251.063797
520.533569 244.218857
138.924347 351.493469
177.763504 344.546753
216.594666 337.726959
255.572632 330.951263
294.362091 324.123077
333.251801 317.234894
372.058594 310.445526
410.880219 303.504395
449.645691 296.617798
488.476990 289.837799
527.421631 282.839081
145.763641 390.353546
184.574356 383.472382
223.466705 376.615997
262.370636 369.712402
301.205933 362.844086
339.979401 356.144409
378.832672 349.285095
417.685150 342.405731
456.568176 335.540985
495.395386 328.630402
534.267395 321.798035

