141.834106 133.174545
177.516602 133.152985
212.773880 133.046722
248.486969 133.055664
283.871765 133.191422
319.480560 133.204468
354.791107 133.102905
390.460602 133.074539
425.827026 133.055023
461.469757 133.061752
496.921753 133.218460
141.843033 168.558304
177.453262 168.539581
212.950928 168.565094
248.466721 168.522598
283.934326 168.537247
319.462463 168.518509
354.897461 168.518387
390.486053 168.491287
425.824493 168.532425
461.464325 168.497162
496.933624 168.546677
141.864532 204.035309
177.484222 204.052734
212.906555 204.076935
248.481796 204.182373
283.894775 204.175308
319.523529 204.142242
354.931458 204.165741
390.465454 204.108231
425.841309 204.025970
461.513123 204.204773
496.893799 204.194809
141.816513 239.539078
177.474121 239.552994
212.840820 239.557220
248.471039 239.507172
283.804047 239.512070
319.465302 239.500107
354.835724 239.518402
390.505157 239.543503
425.886841 239.512390
461.422241 239.546997
496.903564 239.511383
141.875122 275.212555
177.486481 275.087952
212.840912 275.140442
248.503433 275.119537
283.985291 274.989105
319.463470 275.111725
354.890839 275.204803
390.466461 275.144623
425.835327 275.112305
461.450684 275.112579
496.841431 275.185211
141.909958 310.496521
177.475327 310.525299
212.865128 310.545044
248.484634 310.523804
283.882324 310.511475
319.496460 310.506775
354.843628 310.526184
390.473389 310.513794
425.849365 310.500854
461.451752 310.516785
496.844574 310.543182
141.861343 346.084015
177.494690 346.070587
212.903366 346.090576
248.479080 346.059418
283.818359 346.127228
319.476135 346.121002
354.841949 345.995056
390.475342 346.174896
425.872406 346.061646
461.500580 346.134247
496.872162 346.116028

